2mm 0 3033000 3545000
adi 1 1760500 2267500
deriche 0 2522500 3032500
deriche 1 3802500 4317500
deriche 2 2522500 3032500
deriche 3 2014000 2522000
deriche 4 6925500 7452500
doitgen 0 751500 1254500
floyd-warshall 0 250000 751000
gemm 0 250000 751000
gemver 1 250000 751000
gemver 3 751500 1254500
gramschmidt 0 2522500 3032500
jacobi-2d 0 2522500 3032500
nussinov 0 3033000 3545000
seidel-2d 0 2268000 2777000
symm 0 2268000 2777000
syr2k 0 3289000 3802000
syrk 0 250000 751000
trmm 0 1255000 1760000
